202
848
136
160
017
327
422
789
252
790
192
326
278
851
701
442
873
289
101
304
638
708
680
018
492
240
768
859
384
605
779
857
137
744
069
222
058
420
483
445
665
595
057
330
730
762
211
229
738
324
720
786
232
679
883
111
767
757
441
658
502
648
380
509
613
643
241
849
739
829
867
190
794
686
862
735
728
003
801
807
696
261
091
452
821
365
207
271
866
778
227
791
498
804
641
424
266
640
231
258
783
468
644
047
676
756
600
019
469
248
394
503
312
308
276
501
036
828
056
274
230
334
221
470
822
078
702
535
268
400
534
763
777
645
758
852
443
071
698
345
407
874
477
508
114
315
765
770
865
769
343
152
185
721
435
896
731
226
176
619
591
151
015
526
066
370
415
233
367
493
663
459
393
881
038
215
368
090
516
484
480
132
383
260
692
060
617
533
741
466
710
086
198
118
868
784
212
336
474
168
